01000000000000100000000000000101
01000000000001000000000000000011
01000000000001100000000000000000
01000000000010000000000000000000
01000000000010100000000000000001
01011001010010000101000000000000
00000000000000000000000000000000
00000000000000000000000000000000
00000000000000000000000000000000
00000000000000000000000000000000
00000000000000000000000000000000
00000000000000000000000000000000
00000000000000000000000000000000
00000000000000000000000000000000
00000000000000000000000000000000
01000000000000000000000000000001
00100000000000000000000000000010
10000000000000000000000000000011
10000000000000000000000000000100
10000000000000000000000000000101
10000000000000000000000000000110
