01000000000000100000000000001000
01000000000001000000000000000000
01000000000001100000000000000000
01000000000010100000000000000000
01000000000011100000000000000001
01000000000100000000000011001001
01000000000100100000000000000001
00000000000000000000000000000000
10000000000100100010000000000000
10000000000100100011000000000000
01000000000010000000000000000000
01000000000011000000000000000000
00000000000000000000000000000000
01111000110010100000000000000001
01010001110010100000000000010000
10000001100001000110000000000000
00000000000000000000000000000000
01100000110001100000000000000001
01011000100001000000000000000001
01000001000010000000000000000001
01010000010010000000000000001100
00000000000000000000000000000000
00000000000000000000000000000000
01101001100100100000000000000000
01000010010100100000000000000001
01010010000100100000000000000111
00000000000000000000000000000000
00000000000000000000000000000000
00000000000000000000000000000000
